流id,端口id,开始发送时间
141,1,0
3,1,27
7,1,27
9,1,27
12,1,27
16,1,27
17,1,27
19,1,27
23,1,27
26,1,27
28,1,27
29,1,27
30,1,27
32,1,27
33,1,27
35,1,27
36,1,27
39,1,27
40,1,27
43,1,27
44,1,27
45,1,27
46,1,27
48,1,27
49,1,27
50,1,27
51,1,27
52,1,27
55,1,27
57,1,27
58,1,27
59,1,27
65,1,27
66,1,27
68,1,27
82,1,27
83,1,27
86,1,27
88,1,27
95,1,27
97,1,27
99,1,27
102,1,27
103,1,27
104,1,27
105,1,27
107,1,27
109,1,27
112,1,27
114,1,27
115,1,27
117,1,27
118,1,27
121,1,27
123,1,27
125,1,27
127,1,27
128,1,27
129,1,27
131,1,27
132,1,27
134,1,27
136,1,27
138,1,27
139,1,27
140,1,27
142,1,27
143,1,27
144,1,27
145,1,27
150,1,27
151,1,27
152,1,27
154,1,27
156,1,27
158,1,27
160,1,27
161,1,27
164,1,27
165,1,27
167,1,27
169,1,27
172,1,27
174,1,27
175,1,27
179,1,27
180,1,27
184,1,27
186,1,27
187,1,27
189,1,27
190,1,27
192,1,27
198,1,27
199,1,27
200,1,27
205,1,27
206,1,27
207,1,27
211,1,27
212,1,27
219,1,27
221,1,27
222,1,27
223,1,27
224,1,27
225,1,27
226,1,27
228,1,27
229,1,27
230,1,27
233,1,27
236,1,27
237,1,27
238,1,27
241,1,27
242,1,27
243,1,27
244,1,27
249,1,27
250,1,27
251,1,27
253,1,27
254,1,27
258,1,27
263,1,27
266,1,27
267,1,27
268,1,27
270,1,27
274,1,27
278,1,27
279,1,27
280,1,27
286,1,27
294,1,27
295,1,27
296,1,27
297,1,27
302,1,27
305,1,27
309,1,27
311,1,27
312,1,27
313,1,27
314,1,27
316,1,27
317,1,27
319,1,27
320,1,27
321,1,27
324,1,27
326,1,27
329,1,27
330,1,27
338,1,27
339,1,27
340,1,27
343,1,27
344,1,27
345,1,27
346,1,27
347,1,27
348,1,27
349,1,27
351,1,27
352,1,27
353,1,27
355,1,27
357,1,27
358,1,27
361,1,27
362,1,27
367,1,27
368,1,27
369,1,27
376,1,27
377,1,27
378,1,27
379,1,27
380,1,27
385,1,27
387,1,27
389,1,27
390,1,27
391,1,27
395,1,27
398,1,27
402,1,27
405,1,27
406,1,27
408,1,27
409,1,27
411,1,27
412,1,27
414,1,27
415,1,27
416,1,27
419,1,27
421,1,27
425,1,27
426,1,27
431,1,27
432,1,27
433,1,27
437,1,27
439,1,27
440,1,27
443,1,27
446,1,27
447,1,27
448,1,27
453,1,27
454,1,27
455,1,27
456,1,27
458,1,27
459,1,27
460,1,27
461,1,27
462,1,27
463,1,27
464,1,27
465,1,27
466,1,27
470,1,27
471,1,27
473,1,27
479,1,27
480,1,27
481,1,27
482,1,27
483,1,27
485,1,27
490,1,27
491,1,27
492,1,27
497,1,27
499,1,27
502,1,27
503,1,27
504,1,27
506,1,27
507,1,27
508,1,27
511,1,27
513,1,27
516,1,27
517,1,27
518,1,27
521,1,27
523,1,27
525,1,27
526,1,27
529,1,27
531,1,27
533,1,27
537,1,27
538,1,27
539,1,27
540,1,27
542,1,27
543,1,27
544,1,27
545,1,27
546,1,27
549,1,27
553,1,27
554,1,27
556,1,27
559,1,27
560,1,27
561,1,27
562,1,27
563,1,27
565,1,27
568,1,27
571,1,27
572,1,27
573,1,27
574,1,27
575,1,27
576,1,27
579,1,27
581,1,27
582,1,27
587,1,27
588,1,27
589,1,27
592,1,27
593,1,27
595,1,27
596,1,27
598,1,27
600,1,27
603,1,27
604,1,27
606,1,27
607,1,27
610,1,27
612,1,27
613,1,27
614,1,27
615,1,27
616,1,27
618,1,27
620,1,27
621,1,27
623,1,27
626,1,27
628,1,27
629,1,27
630,1,27
631,1,27
632,1,27
634,1,27
635,1,27
638,1,27
639,1,27
640,1,27
642,1,27
643,1,27
644,1,27
645,1,27
646,1,27
651,1,27
653,1,27
654,1,27
656,1,27
657,1,27
658,1,27
659,1,27
660,1,27
664,1,27
665,1,27
667,1,27
668,1,27
672,1,27
674,1,27
675,1,27
676,1,27
678,1,27
680,1,27
681,1,27
687,1,27
691,1,27
693,1,27
694,1,27
695,1,27
696,1,27
697,1,27
698,1,27
699,1,27
700,1,27
703,1,27
705,1,27
706,1,27
707,1,27
708,1,27
709,1,27
710,1,27
712,1,27
715,1,27
716,1,27
717,1,27
718,1,27
720,1,27
722,1,27
723,1,27
724,1,27
725,1,27
726,1,27
727,1,27
728,1,27
731,1,27
732,1,27
733,1,27
735,1,27
737,1,27
738,1,27
740,1,27
742,1,27
743,1,27
745,1,27
749,1,27
750,1,27
751,1,27
752,1,27
753,1,27
754,1,27
758,1,27
759,1,27
760,1,27
762,1,27
763,1,27
764,1,27
765,1,27
767,1,27
768,1,27
771,1,27
779,1,27
781,1,27
782,1,27
783,1,27
786,1,27
788,1,27
794,1,27
795,1,27
796,1,27
797,1,27
798,1,27
800,1,27
801,1,27
802,1,27
806,1,27
807,1,27
808,1,27
809,1,27
810,1,27
812,1,27
813,1,27
814,1,27
815,1,27
816,1,27
817,1,27
818,1,27
819,1,27
822,1,27
823,1,27
825,1,27
826,1,27
828,1,27
829,1,27
830,1,27
832,1,27
833,1,27
834,1,27
836,1,27
840,1,27
842,1,27
847,1,27
851,1,27
852,1,27
854,1,27
858,1,27
860,1,27
861,1,27
862,1,27
865,1,27
868,1,27
869,1,27
870,1,27
871,1,27
872,1,27
873,1,27
875,1,27
878,1,27
880,1,27
882,1,27
883,1,27
884,1,27
885,1,27
886,1,27
887,1,27
889,1,27
890,1,27
891,1,27
892,1,27
894,1,27
895,1,27
897,1,27
898,1,27
901,1,27
902,1,27
903,1,27
905,1,27
909,1,27
910,1,27
914,1,27
915,1,27
916,1,27
918,1,27
920,1,27
921,1,27
922,1,27
925,1,27
926,1,27
928,1,27
931,1,27
932,1,27
933,1,27
934,1,27
936,1,27
937,1,27
942,1,27
943,1,27
944,1,27
945,1,27
946,1,27
947,1,27
952,1,27
953,1,27
954,1,27
955,1,27
957,1,27
958,1,27
959,1,27
963,1,27
964,1,27
966,1,27
969,1,27
970,1,27
975,1,27
976,1,27
981,1,27
982,1,27
984,1,27
986,1,27
989,1,27
990,1,27
991,1,27
992,1,27
993,1,27
994,1,27
995,1,27
997,1,27
998,1,27
999,1,27
1000,1,27
1003,1,27
1004,1,27
1005,1,27
1009,1,27
1010,1,27
1011,1,27
1013,1,27
1014,1,27
1015,1,27
1017,1,27
1018,1,27
1019,1,27
1022,1,27
1023,1,27
1025,1,27
1026,1,27
1027,1,27
1032,1,27
1033,1,27
1035,1,27
1037,1,27
1039,1,27
1040,1,27
1041,1,27
1042,1,27
1043,1,27
1046,1,27
1048,1,27
1049,1,27
1051,1,27
1055,1,27
1056,1,27
1058,1,27
1059,1,27
1060,1,27
1061,1,27
1063,1,27
1064,1,27
1068,1,27
1070,1,27
1072,1,27
1074,1,27
1076,1,27
1077,1,27
1078,1,27
1080,1,27
1081,1,27
1085,1,27
1089,1,27
1090,1,27
1091,1,27
1093,1,27
1095,1,27
1096,1,27
1097,1,27
1101,1,27
1102,1,27
1104,1,27
1106,1,27
1107,1,27
1109,1,27
1111,1,27
1112,1,27
1114,1,27
1116,1,27
1117,1,27
1118,1,27
1121,1,27
1122,1,27
1123,1,27
1124,1,27
1125,1,27
1126,1,27
1127,1,27
1131,1,27
1132,1,27
1134,1,27
1135,1,27
1137,1,27
1138,1,27
1140,1,27
1143,1,27
1145,1,27
1146,1,27
1147,1,27
1148,1,27
1149,1,27
1151,1,27
1153,1,27
1154,1,27
1155,1,27
1156,1,27
1164,1,27
1170,1,27
1171,1,27
1172,1,27
1173,1,27
1174,1,27
1175,1,27
1176,1,27
1177,1,27
1179,1,27
1180,1,27
1181,1,27
1182,1,27
1183,1,27
1187,1,27
1188,1,27
1190,1,27
1192,1,27
1194,1,27
1195,1,27
1196,1,27
1198,1,27
1199,1,27
1202,1,27
1203,1,27
1204,1,27
1207,1,27
1209,1,27
1211,1,27
1213,1,27
1214,1,27
1215,1,27
1216,1,27
1217,1,27
1219,1,27
1220,1,27
1221,1,27
1222,1,27
1226,1,27
1228,1,27
1229,1,27
1232,1,27
1233,1,27
1236,1,27
1238,1,27
1240,1,27
1241,1,27
1242,1,27
1243,1,27
1244,1,27
1245,1,27
1247,1,27
1248,1,27
1250,1,27
1252,1,27
1254,1,27
1255,1,27
1256,1,27
1257,1,27
1258,1,27
1259,1,27
1260,1,27
1264,1,27
1266,1,27
1267,1,27
1268,1,27
1269,1,27
1270,1,27
1276,1,27
1279,1,27
1282,1,27
1283,1,27
1284,1,27
1285,1,27
1289,1,27
1290,1,27
1291,1,27
1294,1,27
1295,1,27
1299,1,27
1300,1,27
1302,1,27
1303,1,27
1306,1,27
1307,1,27
1308,1,27
1310,1,27
1312,1,27
1313,1,27
1316,1,27
1317,1,27
1319,1,27
1321,1,27
1323,1,27
1324,1,27
1325,1,27
1326,1,27
1327,1,27
1328,1,27
1329,1,27
1332,1,27
1333,1,27
1334,1,27
1338,1,27
1339,1,27
1341,1,27
1342,1,27
1343,1,27
1350,1,27
1351,1,27
1352,1,27
1354,1,27
1355,1,27
1356,1,27
1357,1,27
1359,1,27
1360,1,27
1361,1,27
1366,1,27
1368,1,27
1370,1,27
1371,1,27
1372,1,27
1377,1,27
1378,1,27
1379,1,27
1384,1,27
1385,1,27
1391,1,27
1393,1,27
1396,1,27
1398,1,27
1401,1,27
1404,1,27
1405,1,27
1406,1,27
1411,1,27
1412,1,27
1414,1,27
1418,1,27
1419,1,27
1420,1,27
1421,1,27
1425,1,27
1427,1,27
1428,1,27
1429,1,27
1432,1,27
1433,1,27
1434,1,27
1435,1,27
1436,1,27
1440,1,27
1443,1,27
1444,1,27
1445,1,27
1446,1,27
1447,1,27
1449,1,27
1452,1,27
1455,1,27
1456,1,27
1457,1,27
1459,1,27
1461,1,27
1462,1,27
1463,1,27
1464,1,27
1471,1,27
1472,1,27
1474,1,27
1475,1,27
1480,1,27
1484,1,27
1485,1,27
1486,1,27
1487,1,27
1488,1,27
1489,1,27
1492,1,27
1494,1,27
1497,1,27
1499,1,27
1500,1,27
1501,1,27
1502,1,27
1505,1,27
1506,1,27
1507,1,27
1509,1,27
1512,1,27
1513,1,27
1514,1,27
1516,1,27
1517,1,27
1518,1,27
1520,1,27
1521,1,27
1523,1,27
1524,1,27
1526,1,27
1530,1,27
1531,1,27
1534,1,27
1535,1,27
1536,1,27
1539,1,27
1541,1,27
1544,1,27
1545,1,27
1547,1,27
1550,1,27
1553,1,27
1555,1,27
1558,1,27
1559,1,27
1560,1,27
1561,1,27
1563,1,27
1565,1,27
1566,1,27
1568,1,27
1569,1,27
1570,1,27
1571,1,27
1572,1,27
1575,1,27
1578,1,27
1580,1,27
1581,1,27
1582,1,27
1583,1,27
1585,1,27
1588,1,27
1589,1,27
1590,1,27
1592,1,27
1593,1,27
1594,1,27
1597,1,27
1598,1,27
1601,1,27
1602,1,27
1604,1,27
1605,1,27
1611,1,27
1613,1,27
1614,1,27
1616,1,27
1617,1,27
1618,1,27
1620,1,27
1622,1,27
1623,1,27
1625,1,27
1628,1,27
1630,1,27
1632,1,27
1636,1,27
1637,1,27
1638,1,27
1639,1,27
1640,1,27
1641,1,27
1642,1,27
1643,1,27
1645,1,27
1647,1,27
1648,1,27
1649,1,27
1652,1,27
1654,1,27
1655,1,27
1657,1,27
1662,1,27
1663,1,27
1665,1,27
1668,1,27
1671,1,27
1675,1,27
1677,1,27
1678,1,27
1681,1,27
1682,1,27
1684,1,27
1686,1,27
1687,1,27
1690,1,27
1691,1,27
1693,1,27
1695,1,27
1696,1,27
1697,1,27
1699,1,27
1701,1,27
1704,1,27
1709,1,27
1710,1,27
1712,1,27
1716,1,27
1717,1,27
1719,1,27
1720,1,27
1721,1,27
1722,1,27
1723,1,27
1724,1,27
1725,1,27
1726,1,27
1728,1,27
1729,1,27
1730,1,27
1733,1,27
1734,1,27
1736,1,27
1740,1,27
1741,1,27
1742,1,27
1743,1,27
1745,1,27
1746,1,27
1747,1,27
1749,1,27
1750,1,27
1752,1,27
1753,1,27
1754,1,27
1757,1,27
1759,1,27
1760,1,27
1762,1,27
1763,1,27
1764,1,27
1765,1,27
1766,1,27
1768,1,27
1771,1,27
1772,1,27
1773,1,27
1779,1,27
1781,1,27
1782,1,27
1784,1,27
1786,1,27
1787,1,27
1790,1,27
1791,1,27
1793,1,27
1795,1,27
1796,1,27
1797,1,27
1801,1,27
1802,1,27
1804,1,27
1805,1,27
1806,1,27
1807,1,27
1809,1,27
1811,1,27
1812,1,27
1813,1,27
1817,1,27
1822,1,27
1823,1,27
1827,1,27
1828,1,27
1831,1,27
1832,1,27
1833,1,27
1835,1,27
1836,1,27
1837,1,27
1838,1,27
1839,1,27
1841,1,27
1843,1,27
1844,1,27
1846,1,27
1847,1,27
1848,1,27
1850,1,27
1855,1,27
1857,1,27
1859,1,27
1860,1,27
1863,1,27
1865,1,27
1868,1,27
1871,1,27
1872,1,27
1873,1,27
1875,1,27
1876,1,27
1877,1,27
1878,1,27
1888,1,27
1890,1,27
1892,1,27
1893,1,27
1895,1,27
1897,1,27
1898,1,27
1899,1,27
1900,1,27
1903,1,27
1904,1,27
1905,1,27
1906,1,27
1909,1,27
1910,1,27
1912,1,27
1913,1,27
1914,1,27
1916,1,27
1917,1,27
1918,1,27
1919,1,27
1920,1,27
1923,1,27
1929,1,27
1931,1,27
1933,1,27
1934,1,27
1936,1,27
1937,1,27
1939,1,27
1945,1,27
1947,1,27
1949,1,27
1950,1,27
1951,1,27
1960,1,27
1964,1,27
1965,1,27
1966,1,27
1969,1,27
1972,1,27
1973,1,27
1974,1,27
1978,1,27
1981,1,27
1982,1,27
1983,1,27
1984,1,27
1985,1,27
1989,1,27
1990,1,27
1991,1,27
1992,1,27
1998,1,27
1999,1,27
2000,1,27
2002,1,27
2003,1,27
2004,1,27
2005,1,27
2006,1,27
2007,1,27
2008,1,27
2009,1,27
2010,1,27
2013,1,27
2014,1,27
2015,1,27
2016,1,27
2018,1,27
2021,1,27
2022,1,27
2024,1,27
2025,1,27
2028,1,27
2029,1,27
2032,1,27
2033,1,27
2035,1,27
2036,1,27
2037,1,27
2038,1,27
2039,1,27
2041,1,27
2045,2,27
2048,1,27
2051,1,27
2053,1,27
2055,1,27
2056,1,27
2058,1,27
2060,1,27
2062,1,27
2064,1,27
2065,1,27
2067,1,27
2068,1,27
2069,1,27
2070,1,27
2073,1,27
2074,1,27
2075,1,27
2076,1,27
2077,1,27
2083,1,27
2085,1,27
2086,1,27
2087,1,27
2089,1,27
2090,1,27
2091,1,27
2092,1,27
2093,1,27
2094,1,27
2095,1,27
2096,1,27
2100,1,27
2102,1,27
2104,1,27
2105,1,27
2107,1,27
2108,1,27
2111,1,27
2115,1,27
2116,1,27
2117,1,27
2119,1,27
2120,1,27
2126,1,27
2128,1,27
2129,1,27
2131,1,27
2132,1,27
2133,1,27
2135,1,27
2136,1,27
2137,1,27
2140,1,27
2142,1,27
2144,1,27
2145,1,27
2150,1,27
2151,1,27
2153,1,27
2154,1,27
2156,1,27
2157,1,27
2159,1,27
2160,1,27
2162,1,27
2163,1,27
2164,1,27
2170,1,27
2173,1,27
2174,1,27
2175,1,27
2176,1,27
2181,1,27
2183,1,27
2185,1,27
2188,1,27
2189,1,27
2190,1,27
2191,1,27
2194,1,27
2197,1,27
2199,1,27
2201,1,27
2202,1,27
2203,1,27
2204,1,27
2205,1,27
2206,1,27
2211,1,27
2212,1,27
2214,1,27
2216,1,27
2218,1,27
2219,1,27
2223,1,27
2224,1,27
2225,1,27
2228,1,27
2229,1,27
2230,1,27
2231,1,27
2232,1,27
2235,1,27
2236,1,27
2239,1,27
2240,1,27
2241,1,27
2245,1,27
2246,1,27
2247,1,27
2251,1,27
2255,1,27
2256,1,27
2257,1,27
2260,1,27
2265,1,27
2267,1,27
2268,1,27
2272,1,27
2273,1,27
2276,1,27
2277,1,27
2278,1,27
2280,1,27
2281,1,27
2282,1,27
2283,1,27
2287,1,27
2289,1,27
2290,1,27
2297,1,27
2298,1,27
2299,1,27
2300,1,27
2303,1,27
2304,1,27
2305,1,27
2310,1,27
2312,1,27
2313,1,27
2315,1,27
2318,1,27
2319,1,27
2321,1,27
2325,1,27
2326,1,27
2330,1,27
2331,1,27
2332,1,27
2334,1,27
2337,1,27
2339,1,27
2343,1,27
2345,1,27
2346,1,27
2347,1,27
2348,1,27
2351,1,27
2353,1,27
2354,1,27
2355,1,27
2358,1,27
2363,1,27
2366,1,27
2367,1,27
2377,1,27
2380,1,27
2381,1,27
2382,1,27
2386,1,27
2387,1,27
2388,1,27
2389,1,27
2390,1,27
2391,1,27
2392,1,27
2393,1,27
2394,1,27
2395,1,27
2397,1,27
2398,1,27
2399,1,27
2406,1,27
2408,1,27
2410,1,27
2416,1,27
2417,1,27
2419,1,27
2423,1,27
2424,1,27
2426,1,27
2427,1,27
2430,1,27
2436,1,27
2437,1,27
2438,1,27
2439,1,27
2444,1,27
2445,1,27
2446,1,27
2449,1,27
2450,1,27
2452,1,27
2453,1,27
2454,1,27
2457,1,27
2458,1,27
2459,1,27
2463,1,27
2464,1,27
2465,1,27
2467,1,27
2468,1,27
2473,1,27
2474,1,27
2476,1,27
2478,1,27
2479,1,27
2481,1,27
2482,1,27
2484,1,27
2486,1,27
2487,1,27
2489,1,27
2490,1,27
2491,1,27
2493,1,27
2494,1,27
2496,1,27
2497,1,27
2499,1,27
2501,1,27
2505,1,27
2506,1,27
2508,1,27
2509,1,27
2510,1,27
2511,1,27
2518,1,27
2519,1,27
2520,1,27
2522,1,27
2523,1,27
2524,1,27
2525,1,27
2530,1,27
2531,1,27
2533,1,27
2534,1,27
2535,1,27
2538,1,27
2539,1,27
2541,1,27
2543,1,27
2544,1,27
2547,1,27
2551,1,27
2552,1,27
2553,1,27
2554,1,27
2555,1,27
2556,1,27
2558,1,27
2559,1,27
2562,1,27
2566,1,27
2569,1,27
2571,1,27
2572,1,27
2578,1,27
2580,1,27
2581,1,27
2583,1,27
2586,1,27
2587,1,27
2589,1,27
2590,1,27
2594,1,27
2595,1,27
2596,1,27
2600,1,27
2601,1,27
2602,1,27
2603,1,27
2604,1,27
2607,1,27
2608,1,27
2609,1,27
2610,1,27
2612,1,27
2613,1,27
2615,1,27
2616,1,27
2617,1,27
2619,1,27
2620,1,27
2621,1,27
2623,1,27
2625,1,27
2626,1,27
2627,1,27
2630,1,27
2632,1,27
2633,1,27
2634,1,27
2636,1,27
2637,1,27
2639,1,27
2640,1,27
2641,1,27
2642,1,27
2643,1,27
2644,1,27
2645,1,27
2651,1,27
2654,1,27
2656,1,27
2657,1,27
2658,1,27
2659,1,27
2661,1,27
2662,1,27
2663,1,27
2664,1,27
2665,1,27
2666,1,27
2668,1,27
2669,1,27
2670,1,27
2672,1,27
2673,1,27
2676,1,27
2679,1,27
2680,1,27
2681,1,27
2682,1,27
2683,1,27
2685,1,27
2687,1,27
2688,1,27
2690,1,27
2692,1,27
2693,1,27
2695,1,27
2697,1,27
2698,1,27
2701,1,27
2703,1,27
2704,1,27
2709,1,27
2711,1,27
2713,1,27
2717,1,27
2718,1,27
2720,1,27
2721,1,27
2722,1,27
2723,1,27
2726,1,27
2728,1,27
2730,1,27
2735,1,27
2736,1,27
2738,1,27
2741,1,27
2746,1,27
2748,1,27
2749,1,27
2750,1,27
2755,1,27
2756,1,27
2761,1,27
2762,1,27
2764,1,27
2766,1,27
2767,1,27
2770,1,27
2773,1,27
2774,1,27
2775,1,27
2776,1,27
2777,1,27
2779,1,27
2780,1,27
2785,1,27
2786,1,27
2787,1,27
2790,1,27
2793,1,27
2794,1,27
2796,1,27
2797,1,27
2798,1,27
2799,1,27
2800,1,27
2801,1,27
2802,1,27
2803,1,27
2804,1,27
2805,1,27
2806,1,27
2808,1,27
2810,1,27
2812,1,27
2813,1,27
2816,1,27
2818,1,27
2819,1,27
2820,1,27
2822,1,27
2823,1,27
2824,1,27
2826,1,27
2828,1,27
2829,1,27
2832,1,27
2834,1,27
2837,1,27
2839,1,27
2843,1,27
2845,1,27
2846,1,27
2849,1,27
2854,1,27
2855,1,27
2858,1,27
2859,1,27
2864,1,27
2867,1,27
2869,1,27
2870,1,27
2871,1,27
2873,1,27
2874,1,27
2877,1,27
2880,1,27
2881,1,27
2884,1,27
2885,1,27
2886,1,27
2888,1,27
2889,1,27
2890,1,27
2891,1,27
2893,1,27
2894,1,27
2896,1,27
2897,1,27
2899,1,27
2900,1,27
2902,1,27
2907,1,27
2912,1,27
2913,1,27
2915,1,27
2919,1,27
2920,1,27
2921,1,27
2924,1,27
2929,1,27
2932,1,27
2936,1,27
2938,1,27
2940,1,27
2941,1,27
2943,1,27
2945,1,27
2946,1,27
2948,1,27
2950,1,27
2951,1,27
2952,1,27
2957,1,27
2958,1,27
2961,1,27
2962,1,27
2963,1,27
2964,1,27
2965,1,27
2966,1,27
2970,1,27
2972,1,27
2973,1,27
2974,1,27
2976,1,27
2977,1,27
2979,1,27
2980,1,27
2982,1,27
2983,1,27
2986,1,27
2987,1,27
2988,1,27
2989,1,27
2992,1,27
2993,1,27
2996,1,27
2997,1,27
2998,1,27
3000,1,27
3001,1,27
3005,1,27
3007,1,27
3009,1,27
3011,1,27
3012,1,27
3015,1,27
3016,1,27
3018,1,27
3019,1,27
3021,1,27
3023,1,27
3025,1,27
3027,1,27
3032,1,27
3033,1,27
3035,1,27
3036,1,27
3037,1,27
3038,1,27
3039,1,27
3040,1,27
3043,1,27
3045,1,27
3046,1,27
3047,1,27
3048,1,27
3050,1,27
3051,1,27
3054,1,27
3058,1,27
3061,1,27
3063,1,27
3065,1,27
3066,1,27
3067,1,27
3070,1,27
3078,1,27
3079,1,27
3080,1,27
3081,1,27
3082,1,27
3083,1,27
3089,1,27
3090,1,27
3091,1,27
3094,1,27
3095,1,27
3099,1,27
3100,1,27
3102,1,27
3103,1,27
3105,1,27
3106,1,27
3108,1,27
3109,1,27
3110,1,27
3111,1,27
3112,1,27
3113,1,27
3115,1,27
3116,1,27
3118,1,27
3121,1,27
3122,1,27
3124,1,27
3125,1,27
3126,1,27
3127,1,27
3129,1,27
3130,1,27
3131,1,27
3132,1,27
3135,1,27
3137,1,27
3138,1,27
3140,1,27
3141,1,27
3142,1,27
3144,1,27
3146,1,27
3149,1,27
3150,1,27
3151,1,27
3152,1,27
3157,1,27
3158,1,27
3164,1,27
3170,1,27
3171,1,27
3174,1,27
3175,1,27
3176,1,27
3178,1,27
3179,1,27
3180,1,27
3186,1,27
3187,1,27
3189,1,27
3192,1,27
3193,1,27
3195,1,27
3198,1,27
3199,1,27
3200,1,27
3201,1,27
3202,1,27
3203,1,27
3204,1,27
3208,1,27
3209,1,27
3213,1,27
3215,1,27
3216,1,27
3217,1,27
3220,1,27
3221,1,27
3223,1,27
3226,1,27
3227,1,27
3229,1,27
3230,1,27
3231,1,27
3232,1,27
3236,1,27
3237,1,27
3238,1,27
3241,1,27
3242,1,27
3243,1,27
3244,1,27
3245,1,27
3246,1,27
3249,1,27
3252,1,27
3254,1,27
3260,1,27
3261,1,27
3262,1,27
3263,1,27
3264,1,27
3266,1,27
3267,1,27
3270,1,27
3272,1,27
3274,1,27
3275,1,27
3276,1,27
3277,1,27
3278,1,27
3279,1,27
3281,1,27
3282,1,27
3283,1,27
3284,1,27
3285,1,27
3287,1,27
3289,1,27
3291,1,27
3295,1,27
3296,1,27
3297,1,27
3298,1,27
3300,1,27
3302,1,27
3305,1,27
3306,1,27
3307,1,27
3310,1,27
3312,1,27
3313,1,27
3314,1,27
3315,1,27
3317,1,27
3319,1,27
3320,1,27
3323,1,27
3324,1,27
3326,1,27
3327,1,27
3328,1,27
3330,1,27
3332,1,27
3333,1,27
3334,1,27
3335,1,27
3336,1,27
3337,1,27
3338,1,27
3340,1,27
3341,1,27
3344,1,27
3345,1,27
3349,1,27
3351,1,27
3352,1,27
3354,1,27
3357,1,27
3358,1,27
3362,1,27
3364,1,27
3366,1,27
3367,1,27
3372,1,27
3373,1,27
3375,1,27
3378,1,27
3381,1,27
3383,1,27
3384,1,27
3386,1,27
3387,1,27
3388,1,27
3391,1,27
3392,1,27
3393,1,27
3400,1,27
3401,1,27
3403,1,27
3408,1,27
3409,1,27
3411,1,27
3412,1,27
3414,1,27
3420,1,27
3421,1,27
3424,1,27
3426,1,27
3427,1,27
3430,1,27
3431,1,27
3432,1,27
3433,1,27
3434,1,27
3436,1,27
3437,1,27
3438,1,27
3443,1,27
3445,1,27
3448,1,27
3449,1,27
3450,1,27
3451,1,27
3452,1,27
3453,1,27
3456,1,27
3457,1,27
3459,1,27
3464,1,27
3466,1,27
3468,1,27
3469,1,27
3470,1,27
3471,1,27
3472,1,27
3473,1,27
3478,1,27
3480,1,27
3481,1,27
3482,1,27
3483,1,27
3484,1,27
3486,1,27
3487,1,27
3488,1,27
3489,1,27
3490,1,27
3501,1,27
3502,1,27
3503,1,27
3504,1,27
3507,1,27
3509,1,27
3510,1,27
3514,1,27
3516,1,27
3518,1,27
3520,1,27
3522,1,27
3524,1,27
3526,1,27
3527,1,27
3528,1,27
3529,1,27
3530,1,27
3531,1,27
3532,1,27
3533,1,27
3535,1,27
3537,1,27
3540,1,27
3543,1,27
3544,1,27
3545,1,27
3546,1,27
3549,1,27
3550,1,27
3557,1,27
3559,1,27
3561,1,27
3565,1,27
3566,1,27
3567,1,27
3569,1,27
3570,1,27
3575,1,27
3576,1,27
3577,1,27
3578,1,27
3579,1,27
3580,1,27
3582,1,27
3585,1,27
3589,1,27
3591,1,27
3594,1,27
3595,1,27
3597,1,27
3599,1,27
3600,1,27
3603,1,27
3606,1,27
3607,1,27
3608,1,27
3610,1,27
3612,1,27
3613,1,27
3615,1,27
3618,1,27
3619,1,27
3620,1,27
3622,1,27
3623,1,27
3624,1,27
3626,1,27
3627,1,27
3628,1,27
3629,1,27
3630,1,27
3631,1,27
3633,1,27
3637,1,27
3638,1,27
3639,1,27
3640,1,27
3641,1,27
3642,1,27
3644,1,27
3649,1,27
3653,1,27
3654,1,27
3656,1,27
3657,1,27
3659,1,27
3664,1,27
3666,1,27
3667,1,27
3668,1,27
3669,1,27
3670,1,27
3671,1,27
3675,1,27
3676,1,27
3678,1,27
3679,1,27
3682,1,27
3683,1,27
3684,1,27
3685,1,27
3687,1,27
3689,1,27
3690,1,27
3691,1,27
3692,1,27
3695,1,27
3698,1,27
3703,1,27
3704,1,27
3705,1,27
3706,1,27
3707,1,27
3708,1,27
3709,1,27
3710,1,27
3713,1,27
3716,1,27
3717,1,27
3718,1,27
3719,1,27
3721,1,27
3722,1,27
3724,1,27
3727,1,27
3728,1,27
3730,1,27
3731,1,27
3732,1,27
3735,1,27
3739,1,27
3740,1,27
3741,1,27
3742,1,27
3743,1,27
3744,1,27
3747,1,27
3749,1,27
3754,1,27
3755,1,27
3757,1,27
3761,1,27
3763,1,27
3764,1,27
3765,1,27
3766,1,27
3767,1,27
3768,1,27
3770,1,27
3771,1,27
3773,1,27
3774,1,27
3775,1,27
3778,1,27
3781,1,27
3784,1,27
3785,1,27
3786,1,27
3789,1,27
3794,1,27
3796,1,27
3797,1,27
3798,1,27
3801,1,27
3803,1,27
3804,1,27
3807,1,27
3808,1,27
3809,1,27
3810,1,27
3811,1,27
3812,1,27
3813,1,27
3815,1,27
3816,1,27
3817,1,27
3819,1,27
3820,1,27
3822,1,27
3823,1,27
3824,1,27
3825,1,27
3829,1,27
3832,1,27
3833,1,27
3834,1,27
3836,1,27
3839,1,27
3840,1,27
3842,1,27
3845,1,27
3848,1,27
3849,1,27
3850,1,27
3852,1,27
3853,1,27
3855,1,27
3857,1,27
3859,1,27
3861,1,27
3862,1,27
3863,1,27
3864,1,27
3868,1,27
3871,1,27
3873,1,27
3875,1,27
3877,1,27
3878,1,27
3882,1,27
3885,1,27
3886,1,27
3887,1,27
3888,1,27
3889,1,27
3890,1,27
3893,1,27
3899,1,27
3901,1,27
3902,1,27
3903,1,27
3905,1,27
3908,1,27
3914,1,27
3915,1,27
3916,1,27
3919,1,27
3920,1,27
3921,1,27
3923,1,27
3926,1,27
3929,1,27
3931,1,27
3940,1,27
3945,1,27
3946,1,27
3948,1,27
3956,1,27
3959,1,27
3960,1,27
3961,1,27
3964,1,27
3967,1,27
3968,1,27
3969,1,27
3972,1,27
3973,1,27
3974,1,27
3976,1,27
3978,1,27
3979,1,27
3980,1,27
3981,1,27
3982,1,27
3984,1,27
3985,1,27
3987,1,27
3989,1,27
3995,1,27
3997,1,27
3998,1,27
3999,1,27
4002,1,27
4005,1,27
4006,1,27
4011,1,27
4012,1,27
4014,1,27
4015,1,27
4018,1,27
4023,1,27
4025,1,27
4026,1,27
4027,1,27
4028,1,27
4029,1,27
4032,1,27
4034,1,27
4035,1,27
4037,1,27
4040,1,27
4041,1,27
4042,1,27
4044,1,27
4049,1,27
4051,1,27
4053,1,27
4054,1,27
4056,1,27
4057,1,27
4059,1,27
4060,1,27
4061,1,27
4062,1,27
4063,1,27
4064,1,27
4067,1,27
4074,1,27
4076,1,27
4079,1,27
4080,1,27
4084,1,27
4085,1,27
4087,1,27
4090,1,27
4092,1,27
4098,1,27
4099,1,27
4100,1,27
4102,1,27
4103,1,27
4109,1,27
4110,1,27
4113,1,27
4114,1,27
4118,1,27
4119,1,27
4123,1,27
4124,1,27
4125,1,27
4127,1,27
4128,1,27
4129,1,27
4130,1,27
4132,1,27
4133,1,27
4136,1,27
4137,1,27
4138,1,27
4140,1,27
4142,1,27
4143,1,27
4144,1,27
4146,1,27
4147,1,27
4148,1,27
4152,1,27
4154,1,27
4155,1,27
4156,1,27
4157,1,27
4158,1,27
4159,1,27
4162,1,27
4164,1,27
4165,1,27
4167,1,27
4168,1,27
4169,1,27
4170,1,27
4171,1,27
4173,1,27
4176,1,27
4177,1,27
4178,1,27
4180,1,27
4186,1,27
4187,1,27
4189,1,27
4190,1,27
4193,1,27
4194,1,27
4195,1,27
4198,1,27
4199,1,27
4200,1,27
4205,1,27
4208,1,27
4211,1,27
4213,1,27
4215,1,27
4216,1,27
4221,1,27
4227,1,27
4230,1,27
4231,1,27
4232,1,27
4233,1,27
4234,1,27
4235,1,27
4237,1,27
4239,1,27
4240,1,27
4242,1,27
4247,1,27
4248,1,27
4251,1,27
4252,1,27
4259,1,27
4260,1,27
4261,1,27
4263,1,27
4264,1,27
4265,1,27
4266,1,27
4267,1,27
4271,1,27
4273,1,27
4275,1,27
4276,1,27
4277,1,27
4279,1,27
4282,1,27
4285,1,27
4286,1,27
4287,1,27
4293,1,27
4294,1,27
4295,1,27
4296,1,27
4297,1,27
4298,1,27
4303,1,27
4306,1,27
4310,1,27
4311,1,27
4316,1,27
4318,1,27
4321,1,27
4324,1,27
4327,1,27
4328,1,27
4330,1,27
4331,1,27
4332,1,27
4333,1,27
4334,1,27
4336,1,27
4337,1,27
4338,1,27
4339,1,27
4340,1,27
4342,1,27
4346,1,27
4349,1,27
4350,1,27
4351,1,27
4354,1,27
4356,1,27
4359,1,27
4362,1,27
4363,1,27
4365,1,27
4369,1,27
4371,1,27
4372,1,27
4373,1,27
4374,1,27
4377,1,27
4380,1,27
4381,1,27
4383,1,27
4386,1,27
4387,1,27
4389,1,27
4391,1,27
4395,1,27
4396,1,27
4398,1,27
4401,1,27
4403,1,27
4404,1,27
4405,1,27
4407,1,27
4410,1,27
4413,1,27
4415,1,27
4417,1,27
4419,1,27
4420,1,27
4425,1,27
4426,1,27
4429,1,27
4432,1,27
4433,1,27
4438,1,27
4439,1,27
4440,1,27
4441,1,27
4444,1,27
4445,1,27
4449,1,27
4451,1,27
4453,1,27
4455,1,27
4456,1,27
4458,1,27
4460,1,27
4461,1,27
4462,1,27
4463,1,27
4464,1,27
4465,1,27
4466,1,27
4467,1,27
4468,1,27
4469,1,27
4472,1,27
4473,1,27
4475,1,27
4476,1,27
4477,1,27
4481,1,27
4483,1,27
4485,1,27
4488,1,27
4490,1,27
4492,1,27
4494,1,27
4495,1,27
4496,1,27
4497,1,27
4498,1,27
4499,1,27
4503,1,27
4504,1,27
4506,1,27
4508,1,27
4509,1,27
4510,1,27
4512,1,27
4513,1,27
4514,1,27
4515,1,27
4518,1,27
4519,1,27
4521,1,27
4522,1,27
4523,1,27
4524,1,27
4528,1,27
4529,1,27
4531,1,27
4533,1,27
4534,1,27
4536,1,27
4540,1,27
4542,1,27
4545,1,27
4548,1,27
4552,1,27
4554,1,27
4555,1,27
4556,1,27
4557,1,27
4558,1,27
4560,1,27
4561,1,27
4564,1,27
4566,1,27
4568,1,27
4569,1,27
4571,1,27
4572,1,27
4573,1,27
4575,1,27
4577,1,27
4580,1,27
4581,1,27
4583,1,27
4584,1,27
4585,1,27
4586,1,27
4587,1,27
4589,1,27
4591,1,27
4592,1,27
4595,1,27
4597,1,27
4599,1,27
4604,1,27
4605,1,27
4606,1,27
4608,1,27
4610,1,27
4611,1,27
4612,1,27
4613,1,27
4614,1,27
4615,1,27
4616,1,27
4617,1,27
4618,1,27
4619,1,27
4620,1,27
4624,1,27
4625,1,27
4626,1,27
4627,1,27
4629,1,27
4631,1,27
4632,1,27
4633,1,27
4635,1,27
4636,1,27
4637,1,27
4638,1,27
4639,1,27
4641,1,27
4642,1,27
4643,1,27
4645,1,27
4649,1,27
4650,1,27
4651,1,27
4656,1,27
4657,1,27
4660,1,27
4661,1,27
4662,1,27
4664,1,27
4667,1,27
4668,1,27
4669,1,27
4672,1,27
4674,1,27
4676,1,27
4679,1,27
4680,1,27
4682,1,27
4689,1,27
4691,1,27
4692,1,27
4694,1,27
4697,1,27
4698,1,27
4699,1,27
4700,1,27
4701,1,27
4704,1,27
4705,1,27
4706,1,27
4707,1,27
4708,1,27
4709,1,27
4710,1,27
4712,1,27
4713,1,27
4718,1,27
4719,1,27
4720,1,27
4722,1,27
4723,1,27
4725,1,27
4727,1,27
4730,1,27
4732,1,27
4733,1,27
4734,1,27
4735,1,27
4736,1,27
4737,1,27
4740,1,27
4741,1,27
4744,1,27
4745,1,27
4746,1,27
4747,1,27
4749,1,27
4752,1,27
4754,1,27
4757,1,27
4758,1,27
4760,1,27
4762,1,27
4763,1,27
4764,1,27
4769,1,27
4771,1,27
4778,1,27
4779,1,27
4781,1,27
4782,1,27
4783,1,27
4784,1,27
4785,1,27
4788,1,27
4791,1,27
4792,1,27
4793,1,27
4794,1,27
4795,1,27
4797,1,27
4799,1,27
4802,1,27
4804,1,27
4805,1,27
4807,1,27
4809,1,27
4810,1,27
4811,1,27
4818,1,27
4820,1,27
4821,1,27
4822,1,27
4823,1,27
4829,1,27
4830,1,27
4833,1,27
4834,1,27
4835,1,27
4837,1,27
4839,1,27
4844,1,27
4847,1,27
4848,1,27
4849,1,27
4850,1,27
4856,1,27
4859,1,27
4860,1,27
4862,1,27
4864,1,27
4865,1,27
4866,1,27
4867,1,27
4872,1,27
4881,1,27
4884,1,27
4886,1,27
4887,1,27
4888,1,27
4890,1,27
4892,1,27
4895,1,27
4897,1,27
4898,1,27
4900,1,27
4901,1,27
4904,1,27
4905,1,27
4908,1,27
4911,1,27
4913,1,27
4914,1,27
4915,1,27
4918,1,27
4920,1,27
4921,1,27
4922,1,27
4923,1,27
4924,1,27
4925,1,27
4929,1,27
4930,1,27
4932,1,27
4933,1,27
4934,1,27
4935,1,27
4938,1,27
4942,1,27
4947,1,27
4948,1,27
4949,1,27
4950,1,27
4957,1,27
4958,1,27
4959,1,27
4960,1,27
4963,1,27
4965,1,27
4968,1,27
4969,1,27
4971,1,27
4975,1,27
4978,1,27
4980,1,27
4981,1,27
4982,1,27
4983,1,27
4985,1,27
4986,1,27
4987,1,27
4988,1,27
4990,1,27
4991,1,27
4992,1,27
4993,1,27
4994,1,27
4995,1,27
4996,1,27
4997,1,27
4998,1,27
4999,1,27
1,2,29
4,2,29
53,2,29
126,2,29
135,2,29
191,2,29
213,2,29
215,2,29
216,2,29
227,2,29
240,2,29
246,2,29
310,2,29
315,2,29
365,2,29
372,2,29
382,2,29
399,2,29
404,2,29
500,2,29
551,2,29
564,2,29
569,2,29
594,2,29
772,2,29
778,2,29
805,2,29
827,2,29
850,2,29
866,2,29
913,2,29
983,2,29
1001,2,29
1002,2,29
1038,2,29
1054,2,29
1062,2,29
1083,2,29
1094,2,29
1110,2,29
1163,2,29
1165,2,29
1167,2,29
1168,2,29
1205,2,29
1227,2,29
1273,2,29
1320,2,29
1438,2,29
1527,2,29
1537,2,29
1564,2,29
1606,2,29
1660,2,29
1667,2,29
1705,2,29
1732,2,29
1756,2,29
1767,2,29
1770,2,29
1780,2,29
1792,2,29
1821,2,29
1880,2,29
1886,2,29
1942,2,29
1975,2,29
1987,2,29
2011,2,29
2017,2,29
2042,2,29
2047,3,29
2054,2,29
2127,2,29
2167,2,29
2193,2,29
2266,2,29
2302,2,29
2328,2,29
2341,2,29
2369,2,29
2374,2,29
2402,2,29
2435,2,29
2455,2,29
2470,2,29
2532,2,29
2591,2,29
2611,2,29
2655,2,29
2660,2,29
2702,2,29
2705,2,29
2707,2,29
2714,2,29
2838,2,29
2840,2,29
2856,2,29
2878,2,29
2928,2,29
2960,2,29
2994,2,29
3006,2,29
3008,2,29
3031,2,29
3057,2,29
3059,2,29
3075,2,29
3087,2,29
3093,2,29
3172,2,29
3194,2,29
3214,2,29
3239,2,29
3288,2,29
3292,2,29
3325,2,29
3429,2,29
3474,2,29
3475,2,29
3505,2,29
3538,2,29
3554,2,29
3558,2,29
3560,2,29
3562,2,29
3584,2,29
3602,2,29
3621,2,29
3674,2,29
3701,2,29
3715,2,29
3758,2,29
3769,2,29
3780,2,29
3782,2,29
3821,2,29
3860,2,29
3900,2,29
3906,2,29
3918,2,29
3936,2,29
3938,2,29
3953,2,29
3966,2,29
3975,2,29
4004,2,29
4024,2,29
4043,2,29
4047,2,29
4058,2,29
4069,2,29
4089,2,29
4115,2,29
4150,2,29
4179,2,29
4185,2,29
4204,2,29
4206,2,29
4209,2,29
4214,2,29
4220,2,29
4223,2,29
4244,2,29
4268,2,29
4269,2,29
4345,2,29
4370,2,29
4375,2,29
4394,2,29
4406,2,29
4482,2,29
4491,2,29
4601,2,29
4628,2,29
4647,2,29
4655,2,29
4688,2,29
4695,2,29
4728,2,29
4770,2,29
4774,2,29
4814,2,29
4826,2,29
4875,2,29
4891,2,29
4893,2,29
4896,2,29
4955,2,29
2,3,53
5,3,53
6,3,53
8,3,53
10,3,53
11,3,53
13,3,53
14,3,53
15,3,53
18,3,53
20,3,53
21,3,53
22,3,53
24,3,53
25,3,53
27,3,53
31,3,53
34,3,53
37,3,53
38,3,53
41,3,53
42,3,53
47,3,53
54,3,53
56,3,53
60,3,53
61,3,53
62,3,53
63,3,53
64,3,53
67,3,53
69,3,53
70,3,53
71,3,53
72,3,53
73,3,53
74,3,53
75,3,53
76,3,53
77,3,53
78,3,53
79,3,53
80,3,53
81,3,53
84,3,53
85,3,53
87,3,53
89,3,53
90,3,53
91,3,53
92,3,53
93,3,53
94,3,53
96,3,53
98,3,53
100,3,53
101,3,53
106,3,53
108,3,53
110,3,53
111,3,53
113,3,53
116,3,53
119,3,53
120,3,53
122,3,53
124,3,53
130,3,53
133,3,53
137,3,53
146,3,53
147,3,53
148,3,53
149,3,53
153,3,53
155,3,53
157,3,53
159,3,53
162,3,53
163,3,53
166,3,53
168,3,53
170,3,53
171,3,53
173,3,53
176,3,53
177,3,53
178,3,53
181,3,53
182,3,53
183,3,53
185,3,53
188,3,53
193,3,53
194,3,53
195,3,53
196,3,53
197,3,53
201,3,53
202,3,53
203,3,53
204,3,53
208,3,53
209,3,53
210,3,53
214,3,53
217,3,53
218,3,53
220,3,53
231,3,53
232,3,53
234,3,53
235,3,53
239,3,53
245,3,53
247,3,53
248,3,53
252,3,53
255,3,53
256,3,53
257,3,53
259,3,53
260,3,53
261,3,53
262,3,53
264,3,53
265,3,53
269,3,53
271,3,53
272,3,53
273,3,53
275,3,53
276,3,53
277,3,53
281,3,53
282,3,53
283,3,53
284,3,53
285,3,53
287,3,53
288,3,53
289,3,53
290,3,53
291,3,53
292,3,53
293,3,53
298,3,53
299,3,53
300,3,53
301,3,53
303,3,53
304,3,53
306,3,53
307,3,53
308,3,53
318,3,53
322,3,53
323,3,53
325,3,53
327,3,53
328,3,53
331,3,53
332,3,53
333,3,53
334,3,53
335,3,53
336,3,53
337,3,53
341,3,53
342,3,53
350,3,53
354,3,53
356,3,53
359,3,53
360,3,53
363,3,53
364,3,53
366,3,53
370,3,53
371,3,53
373,3,53
374,3,53
375,3,53
381,3,53
383,3,53
384,3,53
386,3,53
388,3,53
392,3,53
393,3,53
394,3,53
396,3,53
397,3,53
400,3,53
401,3,53
403,3,53
407,3,53
410,3,53
413,3,53
417,3,53
418,3,53
420,3,53
422,3,53
423,3,53
424,3,53
427,3,53
428,3,53
429,3,53
430,3,53
434,3,53
435,3,53
436,3,53
438,3,53
441,3,53
442,3,53
444,3,53
445,3,53
449,3,53
450,3,53
451,3,53
452,3,53
457,3,53
467,3,53
468,3,53
469,3,53
472,3,53
474,3,53
475,3,53
476,3,53
477,3,53
478,3,53
484,3,53
486,3,53
487,3,53
488,3,53
489,3,53
493,3,53
494,3,53
495,3,53
496,3,53
498,3,53
501,3,53
505,3,53
509,3,53
510,3,53
512,3,53
514,3,53
515,3,53
519,3,53
520,3,53
522,3,53
524,3,53
527,3,53
528,3,53
530,3,53
532,3,53
534,3,53
535,3,53
536,3,53
541,3,53
547,3,53
548,3,53
550,3,53
552,3,53
555,3,53
557,3,53
558,3,53
566,3,53
567,3,53
570,3,53
577,3,53
578,3,53
580,3,53
583,3,53
584,3,53
585,3,53
586,3,53
590,3,53
591,3,53
597,3,53
599,3,53
601,3,53
602,3,53
605,3,53
608,3,53
609,3,53
611,3,53
617,3,53
619,3,53
622,3,53
624,3,53
625,3,53
627,3,53
633,3,53
636,3,53
637,3,53
641,3,53
647,3,53
648,3,53
649,3,53
650,3,53
652,3,53
655,3,53
661,3,53
662,3,53
663,3,53
666,3,53
669,3,53
670,3,53
671,3,53
673,3,53
677,3,53
679,3,53
682,3,53
683,3,53
684,3,53
685,3,53
686,3,53
688,3,53
689,3,53
690,3,53
692,3,53
701,3,53
702,3,53
704,3,53
711,3,53
713,3,53
714,3,53
719,3,53
721,3,53
729,3,53
730,3,53
734,3,53
736,3,53
739,3,53
741,3,53
744,3,53
746,3,53
747,3,53
748,3,53
755,3,53
756,3,53
757,3,53
761,3,53
766,3,53
769,3,53
770,3,53
773,3,53
774,3,53
775,3,53
776,3,53
777,3,53
780,3,53
784,3,53
785,3,53
787,3,53
789,3,53
790,3,53
791,3,53
792,3,53
793,3,53
799,3,53
803,3,53
804,3,53
811,3,53
820,3,53
821,3,53
824,3,53
831,3,53
835,3,53
837,3,53
838,3,53
839,3,53
841,3,53
843,3,53
844,3,53
845,3,53
846,3,53
848,3,53
849,3,53
853,3,53
855,3,53
856,3,53
857,3,53
859,3,53
863,3,53
864,3,53
867,3,53
874,3,53
876,3,53
877,3,53
879,3,53
881,3,53
888,3,53
893,3,53
896,3,53
899,3,53
900,3,53
904,3,53
906,3,53
907,3,53
908,3,53
911,3,53
912,3,53
917,3,53
919,3,53
923,3,53
924,3,53
927,3,53
929,3,53
930,3,53
935,3,53
938,3,53
939,3,53
940,3,53
941,3,53
948,3,53
949,3,53
950,3,53
951,3,53
956,3,53
960,3,53
961,3,53
962,3,53
965,3,53
967,3,53
968,3,53
971,3,53
972,3,53
973,3,53
974,3,53
977,3,53
978,3,53
979,3,53
980,3,53
985,3,53
987,3,53
988,3,53
996,3,53
1006,3,53
1007,3,53
1008,3,53
1012,3,53
1016,3,53
1020,3,53
1021,3,53
1024,3,53
1028,3,53
1029,3,53
1030,3,53
1031,3,53
1034,3,53
1036,3,53
1044,3,53
1045,3,53
1047,3,53
1050,3,53
1052,3,53
1053,3,53
1057,3,53
1065,3,53
1066,3,53
1067,3,53
1069,3,53
1071,3,53
1073,3,53
1075,3,53
1079,3,53
1082,3,53
1084,3,53
1086,3,53
1087,3,53
1088,3,53
1092,3,53
1098,3,53
1099,3,53
1100,3,53
1103,3,53
1105,3,53
1108,3,53
1113,3,53
1115,3,53
1119,3,53
1120,3,53
1128,3,53
1129,3,53
1130,3,53
1133,3,53
1136,3,53
1139,3,53
1141,3,53
1142,3,53
1144,3,53
1150,3,53
1152,3,53
1157,3,53
1158,3,53
1159,3,53
1160,3,53
1161,3,53
1162,3,53
1166,3,53
1169,3,53
1178,3,53
1184,3,53
1185,3,53
1186,3,53
1189,3,53
1191,3,53
1193,3,53
1197,3,53
1200,3,53
1201,3,53
1206,3,53
1208,3,53
1210,3,53
1212,3,53
1218,3,53
1223,3,53
1224,3,53
1225,3,53
1230,3,53
1231,3,53
1234,3,53
1235,3,53
1237,3,53
1239,3,53
1246,3,53
1249,3,53
1251,3,53
1253,3,53
1261,3,53
1262,3,53
1263,3,53
1265,3,53
1271,3,53
1272,3,53
1274,3,53
1275,3,53
1277,3,53
1278,3,53
1280,3,53
1281,3,53
1286,3,53
1287,3,53
1288,3,53
1292,3,53
1293,3,53
1296,3,53
1297,3,53
1298,3,53
1301,3,53
1304,3,53
1305,3,53
1309,3,53
1311,3,53
1314,3,53
1315,3,53
1318,3,53
1322,3,53
1330,3,53
1331,3,53
1335,3,53
1336,3,53
1337,3,53
1340,3,53
1344,3,53
1345,3,53
1346,3,53
1347,3,53
1348,3,53
1349,3,53
1353,3,53
1358,3,53
1362,3,53
1363,3,53
1364,3,53
1365,3,53
1367,3,53
1369,3,53
1373,3,53
1374,3,53
1375,3,53
1376,3,53
1380,3,53
1381,3,53
1382,3,53
1383,3,53
1386,3,53
1387,3,53
1388,3,53
1389,3,53
1390,3,53
1392,3,53
1394,3,53
1395,3,53
1397,3,53
1399,3,53
1400,3,53
1402,3,53
1403,3,53
1407,3,53
1408,3,53
1409,3,53
1410,3,53
1413,3,53
1415,3,53
1416,3,53
1417,3,53
1422,3,53
1423,3,53
1424,3,53
1426,3,53
1430,3,53
1431,3,53
1437,3,53
1439,3,53
1441,3,53
1442,3,53
1448,3,53
1450,3,53
1451,3,53
1453,3,53
1454,3,53
1458,3,53
1460,3,53
1465,3,53
1466,3,53
1467,3,53
1468,3,53
1469,3,53
1470,3,53
1473,3,53
1476,3,53
1477,3,53
1478,3,53
1479,3,53
1481,3,53
1482,3,53
1483,3,53
1490,3,53
1491,3,53
1493,3,53
1495,3,53
1496,3,53
1498,3,53
1503,3,53
1504,3,53
1508,3,53
1510,3,53
1511,3,53
1515,3,53
1519,3,53
1522,3,53
1525,3,53
1528,3,53
1529,3,53
1532,3,53
1533,3,53
1538,3,53
1540,3,53
1542,3,53
1543,3,53
1546,3,53
1548,3,53
1549,3,53
1551,3,53
1552,3,53
1554,3,53
1556,3,53
1557,3,53
1562,3,53
1567,3,53
1573,3,53
1574,3,53
1576,3,53
1577,3,53
1579,3,53
1584,3,53
1586,3,53
1587,3,53
1591,3,53
1595,3,53
1596,3,53
1599,3,53
1600,3,53
1603,3,53
1607,3,53
1608,3,53
1609,3,53
1610,3,53
1612,3,53
1615,3,53
1619,3,53
1621,3,53
1624,3,53
1626,3,53
1627,3,53
1629,3,53
1631,3,53
1633,3,53
1634,3,53
1635,3,53
1644,3,53
1646,3,53
1650,3,53
1651,3,53
1653,3,53
1656,3,53
1658,3,53
1659,3,53
1661,3,53
1664,3,53
1666,3,53
1669,3,53
1670,3,53
1672,3,53
1673,3,53
1674,3,53
1676,3,53
1679,3,53
1680,3,53
1683,3,53
1685,3,53
1688,3,53
1689,3,53
1692,3,53
1694,3,53
1698,3,53
1700,3,53
1702,3,53
1703,3,53
1706,3,53
1707,3,53
1708,3,53
1711,3,53
1713,3,53
1714,3,53
1715,3,53
1718,3,53
1727,3,53
1731,3,53
1735,3,53
1737,3,53
1738,3,53
1739,3,53
1744,3,53
1748,3,53
1751,3,53
1755,3,53
1758,3,53
1761,3,53
1769,3,53
1774,3,53
1775,3,53
1776,3,53
1777,3,53
1778,3,53
1783,3,53
1785,3,53
1788,3,53
1789,3,53
1794,3,53
1798,3,53
1799,3,53
1800,3,53
1803,3,53
1808,3,53
1810,3,53
1814,3,53
1815,3,53
1816,3,53
1818,3,53
1819,3,53
1820,3,53
1824,3,53
1825,3,53
1826,3,53
1829,3,53
1830,3,53
1834,3,53
1840,3,53
1842,3,53
1845,3,53
1849,3,53
1851,3,53
1852,3,53
1853,3,53
1854,3,53
1856,3,53
1858,3,53
1861,3,53
1862,3,53
1864,3,53
1866,3,53
1867,3,53
1869,3,53
1870,3,53
1874,3,53
1879,3,53
1881,3,53
1882,3,53
1883,3,53
1884,3,53
1885,3,53
1887,3,53
1889,3,53
1891,3,53
1894,3,53
1896,3,53
1901,3,53
1902,3,53
1907,3,53
1908,3,53
1911,3,53
1915,3,53
1921,3,53
1922,3,53
1924,3,53
1925,3,53
1926,3,53
1927,3,53
1928,3,53
1930,3,53
1932,3,53
1935,3,53
1938,3,53
1940,3,53
1941,3,53
1943,3,53
1944,3,53
1946,3,53
1948,3,53
1952,3,53
1953,3,53
1954,3,53
1955,3,53
1956,3,53
1957,3,53
1958,3,53
1959,3,53
1961,3,53
1962,3,53
1963,3,53
1967,3,53
1968,3,53
1970,3,53
1971,3,53
1976,3,53
1977,3,53
1979,3,53
1980,3,53
1986,3,53
1988,3,53
1993,3,53
1994,3,53
1995,3,53
1996,3,53
1997,3,53
2001,3,53
2012,3,53
2019,3,53
2020,3,53
2023,3,53
2026,3,53
2027,3,53
2030,3,53
2031,3,53
2034,3,53
2040,3,53
2043,3,53
2044,3,53
2046,3,53
2049,3,53
2050,3,53
2052,3,53
2057,3,53
2059,3,53
2061,3,53
2063,3,53
2066,3,53
2071,3,53
2072,3,53
2078,3,53
2079,3,53
2080,3,53
2081,3,53
2082,3,53
2084,3,53
2088,3,53
2097,3,53
2098,3,53
2099,3,53
2101,3,53
2103,3,53
2106,3,53
2109,3,53
2110,3,53
2112,3,53
2113,3,53
2114,3,53
2118,3,53
2121,3,53
2122,3,53
2123,3,53
2124,3,53
2125,3,53
2130,3,53
2134,3,53
2138,3,53
2139,3,53
2141,3,53
2143,3,53
2146,3,53
2147,3,53
2148,3,53
2149,3,53
2152,3,53
2155,3,53
2158,3,53
2161,3,53
2165,3,53
2166,3,53
2168,3,53
2169,3,53
2171,3,53
2172,3,53
2177,3,53
2178,3,53
2179,3,53
2180,3,53
2182,3,53
2184,3,53
2186,3,53
2187,3,53
2192,3,53
2195,3,53
2196,3,53
2198,3,53
2200,3,53
2207,3,53
2208,3,53
2209,3,53
2210,3,53
2213,3,53
2215,3,53
2217,3,53
2220,3,53
2221,3,53
2222,3,53
2226,3,53
2227,3,53
2233,3,53
2234,3,53
2237,3,53
2238,3,53
2242,3,53
2243,3,53
2244,3,53
2248,3,53
2249,3,53
2250,3,53
2252,3,53
2253,3,53
2254,3,53
2258,3,53
2259,3,53
2261,3,53
2262,3,53
2263,3,53
2264,3,53
2269,3,53
2270,3,53
2271,3,53
2274,3,53
2275,3,53
2279,3,53
2284,3,53
2285,3,53
2286,3,53
2288,3,53
2291,3,53
2292,3,53
2293,3,53
2294,3,53
2295,3,53
2296,3,53
2301,3,53
2306,3,53
2307,3,53
2308,3,53
2309,3,53
2311,3,53
2314,3,53
2316,3,53
2317,3,53
2320,3,53
2322,3,53
2323,3,53
2324,3,53
2327,3,53
2329,3,53
2333,3,53
2335,3,53
2336,3,53
2338,3,53
2340,3,53
2342,3,53
2344,3,53
2349,3,53
2350,3,53
2352,3,53
2356,3,53
2357,3,53
2359,3,53
2360,3,53
2361,3,53
2362,3,53
2364,3,53
2365,3,53
2368,3,53
2370,3,53
2371,3,53
2372,3,53
2373,3,53
2375,3,53
2376,3,53
2378,3,53
2379,3,53
2383,3,53
2384,3,53
2385,3,53
2396,3,53
2400,3,53
2401,3,53
2403,3,53
2404,3,53
2405,3,53
2407,3,53
2409,3,53
2411,3,53
2412,3,53
2413,3,53
2414,3,53
2415,3,53
2418,3,53
2420,3,53
2421,3,53
2422,3,53
2425,3,53
2428,3,53
2429,3,53
2431,3,53
2432,3,53
2433,3,53
2434,3,53
2440,3,53
2441,3,53
2442,3,53
2443,3,53
2447,3,53
2448,3,53
2451,3,53
2456,3,53
2460,3,53
2461,3,53
2462,3,53
2466,3,53
2469,3,53
2471,3,53
2472,3,53
2475,3,53
2477,3,53
2480,3,53
2483,3,53
2485,3,53
2488,3,53
2492,3,53
2495,3,53
2498,3,53
2500,3,53
2502,3,53
2503,3,53
2504,3,53
2507,3,53
2512,3,53
2513,3,53
2514,3,53
2515,3,53
2516,3,53
2517,3,53
2521,3,53
2526,3,53
2527,3,53
2528,3,53
2529,3,53
2536,3,53
2537,3,53
2540,3,53
2542,3,53
2545,3,53
2546,3,53
2548,3,53
2549,3,53
2550,3,53
2557,3,53
2560,3,53
2561,3,53
2563,3,53
2564,3,53
2565,3,53
2567,3,53
2568,3,53
2570,3,53
2573,3,53
2574,3,53
2575,3,53
2576,3,53
2577,3,53
2579,3,53
2582,3,53
2584,3,53
2585,3,53
2588,3,53
2592,3,53
2593,3,53
2597,3,53
2598,3,53
2599,3,53
2605,3,53
2606,3,53
2614,3,53
2618,3,53
2622,3,53
2624,3,53
2628,3,53
2629,3,53
2631,3,53
2635,3,53
2638,3,53
2646,3,53
2647,3,53
2648,3,53
2649,3,53
2650,3,53
2652,3,53
2653,3,53
2667,3,53
2671,3,53
2674,3,53
2675,3,53
2677,3,53
2678,3,53
2684,3,53
2686,3,53
2689,3,53
2691,3,53
2694,3,53
2696,3,53
2699,3,53
2700,3,53
2706,3,53
2708,3,53
2710,3,53
2712,3,53
2715,3,53
2716,3,53
2719,3,53
2724,3,53
2725,3,53
2727,3,53
2729,3,53
2731,3,53
2732,3,53
2733,3,53
2734,3,53
2737,3,53
2739,3,53
2740,3,53
2742,3,53
2743,3,53
2744,3,53
2745,3,53
2747,3,53
2751,3,53
2752,3,53
2753,3,53
2754,3,53
2757,3,53
2758,3,53
2759,3,53
2760,3,53
2763,3,53
2765,3,53
2768,3,53
2769,3,53
2771,3,53
2772,3,53
2778,3,53
2781,3,53
2782,3,53
2783,3,53
2784,3,53
2788,3,53
2789,3,53
2791,3,53
2792,3,53
2795,3,53
2807,3,53
2809,3,53
2811,3,53
2814,3,53
2815,3,53
2817,3,53
2821,3,53
2825,3,53
2827,3,53
2830,3,53
2831,3,53
2833,3,53
2835,3,53
2836,3,53
2841,3,53
2842,3,53
2844,3,53
2847,3,53
2848,3,53
2850,3,53
2851,3,53
2852,3,53
2853,3,53
2857,3,53
2860,3,53
2861,3,53
2862,3,53
2863,3,53
2865,3,53
2866,3,53
2868,3,53
2872,3,53
2875,3,53
2876,3,53
2879,3,53
2882,3,53
2883,3,53
2887,3,53
2892,3,53
2895,3,53
2898,3,53
2901,3,53
2903,3,53
2904,3,53
2905,3,53
2906,3,53
2908,3,53
2909,3,53
2910,3,53
2911,3,53
2914,3,53
2916,3,53
2917,3,53
2918,3,53
2922,3,53
2923,3,53
2925,3,53
2926,3,53
2927,3,53
2930,3,53
2931,3,53
2933,3,53
2934,3,53
2935,3,53
2937,3,53
2939,3,53
2942,3,53
2944,3,53
2947,3,53
2949,3,53
2953,3,53
2954,3,53
2955,3,53
2956,3,53
2959,3,53
2967,3,53
2968,3,53
2969,3,53
2971,3,53
2975,3,53
2978,3,53
2981,3,53
2984,3,53
2985,3,53
2990,3,53
2991,3,53
2995,3,53
2999,3,53
3002,3,53
3003,3,53
3004,3,53
3010,3,53
3013,3,53
3014,3,53
3017,3,53
3020,3,53
3022,3,53
3024,3,53
3026,3,53
3028,3,53
3029,3,53
3030,3,53
3034,3,53
3041,3,53
3042,3,53
3044,3,53
3049,3,53
3052,3,53
3053,3,53
3055,3,53
3056,3,53
3060,3,53
3062,3,53
3064,3,53
3068,3,53
3069,3,53
3071,3,53
3072,3,53
3073,3,53
3074,3,53
3076,3,53
3077,3,53
3084,3,53
3085,3,53
3086,3,53
3088,3,53
3092,3,53
3096,3,53
3097,3,53
3098,3,53
3101,3,53
3104,3,53
3107,3,53
3114,3,53
3117,3,53
3119,3,53
3120,3,53
3123,3,53
3128,3,53
3133,3,53
3134,3,53
3136,3,53
3139,3,53
3143,3,53
3145,3,53
3147,3,53
3148,3,53
3153,3,53
3154,3,53
3155,3,53
3156,3,53
3159,3,53
3160,3,53
3161,3,53
3162,3,53
3163,3,53
3165,3,53
3166,3,53
3167,3,53
3168,3,53
3169,3,53
3173,3,53
3177,3,53
3181,3,53
3182,3,53
3183,3,53
3184,3,53
3185,3,53
3188,3,53
3190,3,53
3191,3,53
3196,3,53
3197,3,53
3205,3,53
3206,3,53
3207,3,53
3210,3,53
3211,3,53
3212,3,53
3218,3,53
3219,3,53
3222,3,53
3224,3,53
3225,3,53
3228,3,53
3233,3,53
3234,3,53
3235,3,53
3240,3,53
3247,3,53
3248,3,53
3250,3,53
3251,3,53
3253,3,53
3255,3,53
3256,3,53
3257,3,53
3258,3,53
3259,3,53
3265,3,53
3268,3,53
3269,3,53
3271,3,53
3273,3,53
3280,3,53
3286,3,53
3290,3,53
3293,3,53
3294,3,53
3299,3,53
3301,3,53
3303,3,53
3304,3,53
3308,3,53
3309,3,53
3311,3,53
3316,3,53
3318,3,53
3321,3,53
3322,3,53
3329,3,53
3331,3,53
3339,3,53
3342,3,53
3343,3,53
3346,3,53
3347,3,53
3348,3,53
3350,3,53
3353,3,53
3355,3,53
3356,3,53
3359,3,53
3360,3,53
3361,3,53
3363,3,53
3365,3,53
3368,3,53
3369,3,53
3370,3,53
3371,3,53
3374,3,53
3376,3,53
3377,3,53
3379,3,53
3380,3,53
3382,3,53
3385,3,53
3389,3,53
3390,3,53
3394,3,53
3395,3,53
3396,3,53
3397,3,53
3398,3,53
3399,3,53
3402,3,53
3404,3,53
3405,3,53
3406,3,53
3407,3,53
3410,3,53
3413,3,53
3415,3,53
3416,3,53
3417,3,53
3418,3,53
3419,3,53
3422,3,53
3423,3,53
3425,3,53
3428,3,53
3435,3,53
3439,3,53
3440,3,53
3441,3,53
3442,3,53
3444,3,53
3446,3,53
3447,3,53
3454,3,53
3455,3,53
3458,3,53
3460,3,53
3461,3,53
3462,3,53
3463,3,53
3465,3,53
3467,3,53
3476,3,53
3477,3,53
3479,3,53
3485,3,53
3491,3,53
3492,3,53
3493,3,53
3494,3,53
3495,3,53
3496,3,53
3497,3,53
3498,3,53
3499,3,53
3500,3,53
3506,3,53
3508,3,53
3511,3,53
3512,3,53
3513,3,53
3515,3,53
3517,3,53
3519,3,53
3521,3,53
3523,3,53
3525,3,53
3534,3,53
3536,3,53
3539,3,53
3541,3,53
3542,3,53
3547,3,53
3548,3,53
3551,3,53
3552,3,53
3553,3,53
3555,3,53
3556,3,53
3563,3,53
3564,3,53
3568,3,53
3571,3,53
3572,3,53
3573,3,53
3574,3,53
3581,3,53
3583,3,53
3586,3,53
3587,3,53
3588,3,53
3590,3,53
3592,3,53
3593,3,53
3596,3,53
3598,3,53
3601,3,53
3604,3,53
3605,3,53
3609,3,53
3611,3,53
3614,3,53
3616,3,53
3617,3,53
3625,3,53
3632,3,53
3634,3,53
3635,3,53
3636,3,53
3643,3,53
3645,3,53
3646,3,53
3647,3,53
3648,3,53
3650,3,53
3651,3,53
3652,3,53
3655,3,53
3658,3,53
3660,3,53
3661,3,53
3662,3,53
3663,3,53
3665,3,53
3672,3,53
3673,3,53
3677,3,53
3680,3,53
3681,3,53
3686,3,53
3688,3,53
3693,3,53
3694,3,53
3696,3,53
3697,3,53
3699,3,53
3700,3,53
3702,3,53
3711,3,53
3712,3,53
3714,3,53
3720,3,53
3723,3,53
3725,3,53
3726,3,53
3729,3,53
3733,3,53
3734,3,53
3736,3,53
3737,3,53
3738,3,53
3745,3,53
3746,3,53
3748,3,53
3750,3,53
3751,3,53
3752,3,53
3753,3,53
3756,3,53
3759,3,53
3760,3,53
3762,3,53
3772,3,53
3776,3,53
3777,3,53
3779,3,53
3783,3,53
3787,3,53
3788,3,53
3790,3,53
3791,3,53
3792,3,53
3793,3,53
3795,3,53
3799,3,53
3800,3,53
3802,3,53
3805,3,53
3806,3,53
3814,3,53
3818,3,53
3826,3,53
3827,3,53
3828,3,53
3830,3,53
3831,3,53
3835,3,53
3837,3,53
3838,3,53
3841,3,53
3843,3,53
3844,3,53
3846,3,53
3847,3,53
3851,3,53
3854,3,53
3856,3,53
3858,3,53
3865,3,53
3866,3,53
3867,3,53
3869,3,53
3870,3,53
3872,3,53
3874,3,53
3876,3,53
3879,3,53
3880,3,53
3881,3,53
3883,3,53
3884,3,53
3891,3,53
3892,3,53
3894,3,53
3895,3,53
3896,3,53
3897,3,53
3898,3,53
3904,3,53
3907,3,53
3909,3,53
3910,3,53
3911,3,53
3912,3,53
3913,3,53
3917,3,53
3922,3,53
3924,3,53
3925,3,53
3927,3,53
3928,3,53
3930,3,53
3932,3,53
3933,3,53
3934,3,53
3935,3,53
3937,3,53
3939,3,53
3941,3,53
3942,3,53
3943,3,53
3944,3,53
3947,3,53
3949,3,53
3950,3,53
3951,3,53
3952,3,53
3954,3,53
3955,3,53
3957,3,53
3958,3,53
3962,3,53
3963,3,53
3965,3,53
3970,3,53
3971,3,53
3977,3,53
3983,3,53
3986,3,53
3988,3,53
3990,3,53
3991,3,53
3992,3,53
3993,3,53
3994,3,53
3996,3,53
4000,3,53
4001,3,53
4003,3,53
4007,3,53
4008,3,53
4009,3,53
4010,3,53
4013,3,53
4016,3,53
4017,3,53
4019,3,53
4020,3,53
4021,3,53
4022,3,53
4030,3,53
4031,3,53
4033,3,53
4036,3,53
4038,3,53
4039,3,53
4045,3,53
4046,3,53
4048,3,53
4050,3,53
4052,3,53
4055,3,53
4065,3,53
4066,3,53
4068,3,53
4070,3,53
4071,3,53
4072,3,53
4073,3,53
4075,3,53
4077,3,53
4078,3,53
4081,3,53
4082,3,53
4083,3,53
4086,3,53
4088,3,53
4091,3,53
4093,3,53
4094,3,53
4095,3,53
4096,3,53
4097,3,53
4101,3,53
4104,3,53
4105,3,53
4106,3,53
4107,3,53
4108,3,53
4111,3,53
4112,3,53
4116,3,53
4117,3,53
4120,3,53
4121,3,53
4122,3,53
4126,3,53
4131,3,53
4134,3,53
4135,3,53
4139,3,53
4141,3,53
4145,3,53
4149,3,53
4151,3,53
4153,3,53
4160,3,53
4161,3,53
4163,3,53
4166,3,53
4172,3,53
4174,3,53
4175,3,53
4181,3,53
4182,3,53
4183,3,53
4184,3,53
4188,3,53
4191,3,53
4192,3,53
4196,3,53
4197,3,53
4201,3,53
4202,3,53
4203,3,53
4207,3,53
4210,3,53
4212,3,53
4217,3,53
4218,3,53
4219,3,53
4222,3,53
4224,3,53
4225,3,53
4226,3,53
4228,3,53
4229,3,53
4236,3,53
4238,3,53
4241,3,53
4243,3,53
4245,3,53
4246,3,53
4249,3,53
4250,3,53
4253,3,53
4254,3,53
4255,3,53
4256,3,53
4257,3,53
4258,3,53
4262,3,53
4270,3,53
4272,3,53
4274,3,53
4278,3,53
4280,3,53
4281,3,53
4283,3,53
4284,3,53
4288,3,53
4289,3,53
4290,3,53
4291,3,53
4292,3,53
4299,3,53
4300,3,53
4301,3,53
4302,3,53
4304,3,53
4305,3,53
4307,3,53
4308,3,53
4309,3,53
4312,3,53
4313,3,53
4314,3,53
4315,3,53
4317,3,53
4319,3,53
4320,3,53
4322,3,53
4323,3,53
4325,3,53
4326,3,53
4329,3,53
4335,3,53
4341,3,53
4343,3,53
4344,3,53
4347,3,53
4348,3,53
4352,3,53
4353,3,53
4355,3,53
4357,3,53
4358,3,53
4360,3,53
4361,3,53
4364,3,53
4366,3,53
4367,3,53
4368,3,53
4376,3,53
4378,3,53
4379,3,53
4382,3,53
4384,3,53
4385,3,53
4388,3,53
4390,3,53
4392,3,53
4393,3,53
4397,3,53
4399,3,53
4400,3,53
4402,3,53
4408,3,53
4409,3,53
4411,3,53
4412,3,53
4414,3,53
4416,3,53
4418,3,53
4421,3,53
4422,3,53
4423,3,53
4424,3,53
4427,3,53
4428,3,53
4430,3,53
4431,3,53
4434,3,53
4435,3,53
4436,3,53
4437,3,53
4442,3,53
4443,3,53
4446,3,53
4447,3,53
4448,3,53
4450,3,53
4452,3,53
4454,3,53
4457,3,53
4459,3,53
4470,3,53
4471,3,53
4474,3,53
4478,3,53
4479,3,53
4480,3,53
4484,3,53
4486,3,53
4487,3,53
4489,3,53
4493,3,53
4500,3,53
4501,3,53
4502,3,53
4505,3,53
4507,3,53
4511,3,53
4516,3,53
4517,3,53
4520,3,53
4525,3,53
4526,3,53
4527,3,53
4530,3,53
4532,3,53
4535,3,53
4537,3,53
4538,3,53
4539,3,53
4541,3,53
4543,3,53
4544,3,53
4546,3,53
4547,3,53
4549,3,53
4550,3,53
4551,3,53
4553,3,53
4559,3,53
4562,3,53
4563,3,53
4565,3,53
4567,3,53
4570,3,53
4574,3,53
4576,3,53
4578,3,53
4579,3,53
4582,3,53
4588,3,53
4590,3,53
4593,3,53
4594,3,53
4596,3,53
4598,3,53
4600,3,53
4602,3,53
4603,3,53
4607,3,53
4609,3,53
4621,3,53
4622,3,53
4623,3,53
4630,3,53
4634,3,53
4640,3,53
4644,3,53
4646,3,53
4648,3,53
4652,3,53
4653,3,53
4654,3,53
4658,3,53
4659,3,53
4663,3,53
4665,3,53
4666,3,53
4670,3,53
4671,3,53
4673,3,53
4675,3,53
4677,3,53
4678,3,53
4681,3,53
4683,3,53
4684,3,53
4685,3,53
4686,3,53
4687,3,53
4690,3,53
4693,3,53
4696,3,53
4702,3,53
4703,3,53
4711,3,53
4714,3,53
4715,3,53
4716,3,53
4717,3,53
4721,3,53
4724,3,53
4726,3,53
4729,3,53
4731,3,53
4738,3,53
4739,3,53
4742,3,53
4743,3,53
4748,3,53
4750,3,53
4751,3,53
4753,3,53
4755,3,53
4756,3,53
4759,3,53
4761,3,53
4765,3,53
4766,3,53
4767,3,53
4768,3,53
4772,3,53
4773,3,53
4775,3,53
4776,3,53
4777,3,53
4780,3,53
4786,3,53
4787,3,53
4789,3,53
4790,3,53
4796,3,53
4798,3,53
4800,3,53
4801,3,53
4803,3,53
4806,3,53
4808,3,53
4812,3,53
4813,3,53
4815,3,53
4816,3,53
4817,3,53
4819,3,53
4824,3,53
4825,3,53
4827,3,53
4828,3,53
4831,3,53
4832,3,53
4836,3,53
4838,3,53
4840,3,53
4841,3,53
4842,3,53
4843,3,53
4845,3,53
4846,3,53
4851,3,53
4852,3,53
4853,3,53
4854,3,53
4855,3,53
4857,3,53
4858,3,53
4861,3,53
4863,3,53
4868,3,53
4869,3,53
4870,3,53
4871,3,53
4873,3,53
4874,3,53
4876,3,53
4877,3,53
4878,3,53
4879,3,53
4880,3,53
4882,3,53
4883,3,53
4885,3,53
4889,3,53
4894,3,53
4899,3,53
4902,3,53
4903,3,53
4906,3,53
4907,3,53
4909,3,53
4910,3,53
4912,3,53
4916,3,53
4917,3,53
4919,3,53
4926,3,53
4927,3,53
4928,3,53
4931,3,53
4936,3,53
4937,3,53
4939,3,53
4940,3,53
4941,3,53
4943,3,53
4944,3,53
4945,3,53
4946,3,53
4951,3,53
4952,3,53
4953,3,53
4954,3,53
4956,3,53
4961,3,53
4962,3,53
4964,3,53
4966,3,53
4967,3,53
4970,3,53
4972,3,53
4973,3,53
4974,3,53
4976,3,53
4977,3,53
4979,3,53
4984,3,53
4989,3,53
